8410
5331
1655
9921
295
17161111
26361111
3786
2162
3441
49441111
4356
7716
76291111
6725
551
31051111
5452
6290
9422
3821111
7091
9401
9014
8128
50211111
1653
5478111
5424
7452
9486
7674
7936111
6412111
1121
2596
3986
6421
9255
4720
1796
7025
7311
8257
8283
3502
5603
6998
5324
4093
8015
3691
2943
9848
8882
9251
1777
3239
9557
325
793
7189
956
6421
8141
7454
9419
4676
2182
1099
8172
2394
1202
7826
2958
339
1624
1976
1823
312
4305
3064
381
1072
7013
2025
8249
2278
5011
1194
4429
2669
3382
7201
4720
625
8980
4501
3847
9776
8616
2392
8798
3049
723
1113
952
5955
8174
3241
1347
9297
7379
6445
7760
5924
6221
7827
4082
4498
1053
2968
52
8278
7470
5609
6303
6808
4619
8777
6156
6991
7584
5603
9575
628
2255
9392
1974
5720
436
3514
9257
744
2362
3442
7953
1344
6703
7039
757
6510
133
9897
1235
3689
1019
6725
2036
9266
2060
3009
1891
649
4294
2227
815
6851
526
3901
495
8250
4594
4131
9734
4758
2670
4768
4248
123
1043
1798
59
3922
4245
3124
6577
1293
3972
8909
6725
8373
1134
3127
4851
2006
4242
577
7470
9518
328
7384
3708
786
1583
1548
4372
9217
4551
2639
6492
1981
6577
9358
2876
1191
3748
6994
2935
3178
2721
1177
1514
5051
1737
4865
5397
3711
1069
6853
4667
6974
357
1323
901
7494
3253
9036
2171
8083
4318
5238
21
798
1553
4863
271
3316
4602
123
956
3896
106
7664
492
6299
9364
4392
2145
3643
3165
6838
9406
8106
1070
3165
1313
7777
6203
8829
4003
3092
9417
2255
1197
4615
1740
275
717
5841
2830
4327
2313
9392
951
2091
6851
4126
2345
2148
9198
1075
2603
9742
8864
7882
1289
165
3513
2424
3482
4437
6451
7594
9058
4880
169
9471
8280
976
93
391
58
1230
1397
5305
2064
6067
9494
9387
143
7308
7220
4973
3440
8819
2089
1815
8208
4476
1556
6389
7352
29
2435
7183
9119
274
884
30
2607
1935
616
3596
7973
120
4697
4204
5629
6317
3662
3482
1214
554
669
1235
6178
750
5536
3192
777
3594
6059
9855
3758
429
2284
763
10
7101
4
7885
9831
3240
213
3707
6631
7324
1421
5583
6887
4692
4770
5587
7918
8532
9486
9917
539
4567
3070
6917
4622
2679
357
4398
3396
1740
3734
8852
4969
2760
3521
7091
4282
2867
1453
1209
6153
675
104
5869
9220
8159
2875
3727
5447
9395
4642
769
8225
1654
3194
135
9893
3930
7115
1291
3411
3492
4696
1444
1142
1693
148
5864
6734
8376
8776
976
2257
1205
2003
1179
765
501
8209
933
9058
31
895
3241
1854
1282
9053
8837
2344
5516
7252
3197
161
331
2187
147
4664
3234
7925
9349
9949
7982
4029
4583
728
1450
2165
6259
3339
4463
107
1854
6837
1600
4029
940
6024
2309
3966
9559
558
7110
7177
780
920
6490
630
1575
5574
2064
379
6849
3134
6719
6469
758
182
985
9431
6620
3508
4069
8081
3376
2473
1229
5317
7171
7321
7013
3126
9382
1487
4350
2626
6097
3246
6857
4626
3962
1210
527
2063
2900
1944
3041
2759
7702
3140
9820
896
3630
8754
6767
6285
1237
5255
2016
5358
3861
6008
1723
6365
5928
6611
9916
4822
2595
5613
5904
646
5011
43
5239
1320
3431
4021
2221
8668
7998
1112
9465
1913
1122
1308
2357
6276
1717
4533
4095
242
3706
4333
8959
6458
8440
8546
6922
6014
1722
5707
8758
9803
6811
5073
7088
1983
4064
3452
2954
2907
6470
6748
5705
1626
9854
7081
222
7025
1638
2493
803
7078
5259
8224
2520
5285
5627
9972
8286
5009
3551
3202
4597
6153
6457
436
161
9980
1818
3541
754
1597
4023
8294
292
2970
4749
1203
403
6601
1138
6917
2515
6772
2302
5593
2400
2136
5051
6401
4593
3336
617
1449
1555
2855
7125
4796
51
8422
8938
4040
9019
4426
7640
1296
945
7137
420
785
8060
3255
897
8423
2809
8484
7246
800
941
3705
351
1713
9004
1851
2384
5784
9049
478
6999
7954
3854
2517
1834
9453
3502
2329
6545
6897
7962
6345
1181
2155
7937
5409
7673
3226
9531
2398
496
2957
72
4096
7407
4316
5108
4129
9709
7991
2686
6997
8648
2540
4634
194
1073
2429
611
5347
1579
4608
3765
1063
2735
9785
5434
591
8772
4837
963
9720
8318
2088
9609
9286
3716
6522
772
306
5910
9070
2124
5029
4111
8483
6958
5941
6919
5902
3570
5391
1357
8471
6123
5558
483
8435
5534
6506
9273
7906
727
5453
2207
4666
4488
2658
1781
5172
2594
8775
1238
9237
7673
7365
4276
6847
9668
2501
9333
8185
9027
4549
575
3661
3236
5116
2288
6545
1110
5498
5873
1608
7343
2851
5051
7449
4764
5005
2955
5472
376
8952
5634
2388
4767
3134
6112
8761
2034
875
2434
7878
445
5087
8937
2650
7575
6049
1870
9003
7387
1782
7507
1791
6373
6195
4971
2574
2846
1759
3596
5464
9260
6812
7668
2707
3956
7176
8826
5415
3137
4158
4503
7262
6409
8371
4996
9046
7582
5694
8181
2681
4706
2519
9191
527
4879
3556
1478
2466
9030
8527
8914
3250
6519
8284
8371
6986
5376
6202
474
9139
2489
2631
9050
2295
8927
409
5079
3753
431
2411
7102
899
4070
9508
2021
9328
359
8494
8244
4923
5964
7254
1893
5304
9232
1391
1239
2305
9821
4332
9657
6788
6642
3134
981
6459
4055
2922
1595
507
3107
47
1440
8962
526
3654
4870
1466
2883
8363
4174
5267
1416
2827
8827
928
3217
9646
5625
6657
433
7559
5518
6353
8115
6298
2127
4145
8505
6734
7495
1412
7490
4547
8163
3084
2545
1573
7153
4117
188
4305
9563
8033
1042
7543
9326
6724
256
4817
6112
5552
9942
2051
6049
5892
8165
8244
4017
4496
4108
4540
6275
5869
8036
1806
3936
4234
5416
8984
4367
6218
9817
2952
1635
1436
4545
5569
3541
427
6406
5231
4212
2648
7266
5847
1483
3524
9552
1651
2338
338
2281
4749
4743
4412
9633
4281
2350
2597
619
9015
5318
607
9748
7497
79
2910
590
5714
7705
2605
6459
7472
2830
9119
2606
2700
3667
1273
6540
7456
8010
942
2328
2104
5788
2106
4208
5451
3925
9268
914
2203
6592
4653
2227
6620
8742
1870
4657
9730
289
8354
8407
9150
101
7055
5121
7162
9457
155
9361
7618
5042
3100
1441
7062
4537
7920
6890
9821
6110
2862
5253
3724
8085
6861
3775
5560
5632
1412
7346
8472
6917
3906
50
8894
8321
527
5253
2264
1789
5090
9751
2354
977
1748
9164
9182
502
2580
4311
7383
3280
5677
2171
3393
3003
5797
1344
5045
8453
6616
4377
2973
2685
1093
2387
6363
1179
54
4096
2910
1376
3830
8181
5671
3679
9342
1857
2665
8204
720
143
4688
9507
6456
9789
3971
7868
2863
6158
9597
4606
9010
9357
6136
8770
1811
7923
2235
4826
910
635
5877
545
1423
9396
2602
4548
6482
4839
4655
2706
4266
2954
9312
256
8694
9651
1786
6976
5058
945
4757
2882
9338
2711
8274
2427
8020
7898
8214
5110
9278
6206
885
1097
4053
8572
1971
841
4056
247
4167
5152
7980
6655
9857
6222
6801
5653
1645
3469
9445
4400
7096
7306
7560
8287
9874
8689
7280
5056
7029
2040
558
1729
2293
9214
5200
693
5321
9509
1096
9801
2089
2767
4989
5591
408
6725
9936
4043
7460
8269
8690
6724
4204
3292
84
9517
3297
5898
5519
8109
2431
9782
4902
6012
798
3322
1176
1175
757
9969
4154
1413
2254
2245
5717
5610
1616
6317
3707
6188
552
5607
8288
2389
1929
419
2535
4953
5543
2945
8730
2808
6430
2202
3374
8518
8344
3461
2198
5241
174
259
7927
9810
3134
7437
1724
1296
2383
943
170
8577
6881
7492
9335
3531
7144
6260
9751
1034
1019
4795
199
5339
7591
5628
1790
5528
442
1910
4704
8548
957
885
4629
7610
5073
1660
1865
8737
5405
3474
3366
2819
9814
7547
2991
4862
6049
4249
5789
6554
4309
6962
7120
8924
2741
7779
9646
1210
2780
9797
7344
1024
4281
9279
157
9779
8589
9852
7830
5524
1635
2015
1013
8407
7360
1636
8784
4293
2027
281
1154
2655
9102
5501
3979
2756
4189
535
5654
4852
1223
8794
4988
1333
9579
2567
9624
6406
6077
4724
2443
5219
281
3292
2816
1656
7702
7239
770
8473
3327
9948
8332
1138
6494
2548
866
4762
3578
1008
511
862
739
1118
1950
6875
75
6503
7356
5467
103
2301
286
116
2646
963
7695
2301
8129
4077
4141
8322
8148
235
725
3386
524
2479
699
9912
8034
4935
5823
463
6471
7831
1532
9321
7248
2071
4131
7289
5107
6381
9848
9552
7218
3916
1019
4125
8873
3485
9689
7960
1251
589
6484
5905
1569
6823
6464
836
1245
6051
3487
3840
5436
9472
8176
777
6370
4413
5476
4554
5707
2382
6913
526
9047
2429
4602
9873
9269
1808
9966
1315
8419
1850
208
317
181
9348
9512
9975
9620
3948
776
5225
7593
958
1921
5921
970
8371
7830
7828
1156
7960
5633
5384
9739
944
2246
3569
1597
1468
4197
9978
3693
4554
8483
6135
4319
7132
4027
5737
8895
3451
2480
6738
2007
4987
7335
7098
1136
176
6851
2800
5353
9618
7457
1364
854
9133
6965
2661
7242
5435
6132
2583
2137
1702
1572
5223
6583
569
4257
5266
293
3543
9841
5619
7917
4798
2890
923
6908
8525
178
7510
6831
1636
2199
2748
3281
8058
5457
4181
7764
2757
7893
6496
5374
7685
6187
1797
4214
594
2818
7210
6063
136
546
1459
9204
9712
4354
8286
3188
9041
4667
5118
1537
7142
2509
2549
6163
5713
9169
280
2130
4720
1662
7822
4980
3824
6560
7961
1860
6992
9622
8952
2244
3303
1498
1740
1620
4056
3095
505
2067
1508
854
3903
5589
1505
1097
2522
2437
2554
460
3767
8413
6998
7993
4169
7397
1134
7835
938
1576
1785
5717
6613
3133
8347
6051
6292
3860
1006
545
5941
495
8174
1259
35
1443
1708
9045
5922
7759
427
6444
7034
7629
271
1964
9112
6246
7559
7140
7538
4523
5848
6679
585
9585
1964
2308
2836
6493
7050
3736
1690
2608
9912
7618
6496
36
2511
4728
4740
7112
878
680
2057
5433
8529
9793
501
7250
7971
5283
7991
7572
594
9220
1692
5177
5010
9285
8675
4726
3685
5300
816
1872
57
2579
9695
5872
9218
4889
9706
969
5146
3176
9772
9353
9078
527
2150
8847
1403
5056
6577
6700
753
116
3334
7277
6342
750
9003
6712
1254
7934
7887
4
1642
9079
5624
6398
3214
9106
3050
9129
5864
5924
9626
7094
9765
3278
6612
6037
6582
1236
1002
8059
8828
6208
6574
9812
671
4151
1362
6938
7877
9932
8974
2518
1857
8196
5394
6471
3658
9786
5741
1345
5359
7364
7261
1000
4519
5526
711
2077
1933
2277
1321
6904
6171
8238
9518
9431
7942
8920
6722
2837
4987
2423
6118
414
4825
2995
5239
50
8559
2169
4714
3929
8423
2384
7899
8054
2275
9279
6
1247
38
316
9941
1435
1911
5944
6236
9341
6722
937
7329
6480
95
2136
8399
4020
1591
1293
9277
1272
932
4327
6715
4216
8472
7856
4653
2649
817
449
8795
1618
411
546
4391
7262
5719
5732
2304
8239
3579
2530
8855
1813
1257
3093
5329
6383
2901
9048
1213
1681
2641
2700
6150
566
1387
9869
218
6584
1241
2244
7340
6751
2260
765
87
6326
3347
1308
4804
4148
3705
780
9326
2953
1538
7688
692
1575
3658
4206
9871
4692
558
5488
4468
2365
7207
5421
716
3532
6884
3472
178
6765
1719
9063
2029
3518
3860
6438
4015
7813
1989
909
1884
1430
2849
1144
2543
2997
5694
6693
1962
6665
7636
331
1853
7250
8436
9033
3545
4573
2697
3005
581
7269
3550
1671
5872
1131
1329
6028
4488
6537
3014
1199
2027
7876
414
1517
6604
9537
537
2887
2088
297
138
3862
4457
6656
8971
1674
5066
962
1409
8083
3325
430
6048
2340
9626
568
1442
5045
5048
3114
5524
2536
5905
5866
2
2462
8401
5570
9412
5611
6127
8460
2105
6615
5471
268
9635
5222
5687
291
4595
8779
9153
6673
7830
1272
881
8939
7663
8521
2183
9661
7960
8866
9255
849
692
7701
2199
7569
2167
6905
1688
4201
9191
6423
8521
1569
6484
1847
6472
1401
3303
2459
7546
4678
8279
2346
654
9692
1233
7088
4957
8252
153
9507
164
2913
6572
3785
5461
1957
3880
793
7659
2441
6526
6719
7037
5061
1431
1860
3605
1164
5733
7628
2257
6916
5403
8658
9545
3684
9472
9746
5634
287
7167
8533
146
7857
578
2866
2693
7255
3793
2210
3584
2740
854
3765
2116
3504
4387
7556
85
4931
9558
87
8540
9652
6907
824
3273
7483
5778
2791
2445
2653
5459
1999
7527
2281
1727
5464
7133
4702
5305
3614
6894
2064
9461
9427
7430
3451
3888
5985
5105
9927
1297
6771
2083
4637
7421
4836
9912
8456
1329
8119
663
1567
1180
9640
5756
1266
1274
3859
5222
9331
7049
1141
9070
7560
7413
2863
7082
9710
935
2338
4673
784
8014
9143
2848
184
1276
4206
8188
2452
612
458
4296
5965
7410
7642
1705
1764
2092
4235
440
4430
6279
7373
7785
2706
3086
7139
9450
8112
686
3791
9917
4005
85
7037
7833
7324
6957
6126
9182
7191
5891
7368
552
5806
4157
4172
3526
2598
9292
73
5003
7078
2718
4111
293
3927
3702
7078
8876
8282
5232
2272
9853
6270
8431
3116
1703
3650
9882
2540
3558
2263
1047
4777
6447
7610
8358
6614
2795
2769
9602
3219
4327
8148
243
7907
6202
5054
1495
8640
1209
867
1890
7853
5848
1668
7284
2875
6162
545
5162
3536
2635
207
2199
3142
6660
3386
6644
1568
8975
8685
7526
5586
867
1231
2432
6225
3010
1792
4776
7849
6569
2004
1070
5358
7160
623
1418
7412
1650
7650
4837
9491
2855
2661
4316
4053
5680
1702
7040
6546
2811
8624
8113
1919
280
2016
7020
8514
6099
7252
9634
6329
5508
4389
1179
8827
9859
2038
1691
7886
7343
93
5108
8923
240
1442
2908
1936
3963
6613
33
3812
6775
8277
2490
2560
8030
3374
4207
668
4902
6419
1004
1304
8385
1741
4786
5980
6210
3922
6734
1057
8384
9561
1870
5106
8703
3005
4033
8509
701
5968
271
7615
1851
738
2329
7919
13
274
5586
569
7812
9988
6062
4526
3225
3268
1385
9289
2524
8922
1260
6517
9727
8767
7947
4990
44
1215
9826
3862
3822
5870
2098
345
5215
3744
2615
6770
3629
3172
2444
9775
4498
4992
6368
8883
628
1971
170
2139
5771
9863
7755
6691
3986
1446
3092
281
111
4575
7432
3681
5526
8984
6787
4683
6394
2438
6107
723
7781
9083
2997
1832
8059
8639
8491
95
4394
7410
8957
2664
8037
1441
2021
6833
818
9591
3984
9129
3711
6230
5610
952
6748
694
9769
8686
1733
3837
1645
8681
111
7743
5158
6731
1173
2776
9542
6714
7059
1864
3560
5449
995
1295
5938
568
1382
8985
6999
600
2470
9499
5360
7026
1625
5711
8940
696
6536
7900
1381
684
6993
5450
8230
6447
7178
6660
5481
125
9895
8638
1189
1527
6973
3401
1929
8816
7272
3669
9906
1277
7594
6807
9299
3319
1333
7003
821
2739
4619
924
5244
6835
9076
9521
3981
3870
8992
4186
7277
1774
1213
364
5980
1145
7883
1912
194
866
9886
8707
2936
4192
6484
3522
2282
6847
3016
3028
9931
517
8758
2148
9241
7304
208
2767
1107
9407
1888
9427
1977
1478
9758
2393
1763
6534
3525
1156
7013
532
3825
5722
3249
8825
588
6883
3549
226
5321
8799
9414
7256
8544
8221
9925
626
5740
7322
9697
4378
7329
2790
9942
9118
1314
6637
9300
3608
1586
7332
1979
1072
7961
9059
2165
3872
7545
1538
4580
600
8402
359
2111
7091
8691
7663
7159
937
8065
810
5070
4855
5293
396
9306
2940
7633
497
3510
262
3803
1281
5227
1964
4366
6853
7933
4477
9045
9545
168
1785
2841
4770
3325
8910
1797
865
1351
6902
7240
9112
3939
590
4714
7469
4287
1258
9203
5165
9010
8071
5336
8483
205
3826
2151
3801
1264
536
4662
2061
3952
6589
1799
4584
4216
2512
47
6700
8989
8319
359
7436
2711
3319
1345
2176
2412
5215
783
2856
111
6133
6465
129
5369
5641
6398
7318
4263
2857
1861
5961
1813
4492
1636
1682
6712
5219
6280
7607
8802
5053
3254
6477
4722
8458
8826
9021
8986
8786
334
9579
2517
1687
9822
979
3560
3688
921
1381
1497
7000
7690
7219
4013
2271
4680
664
5830
2494
5690
8971
3901
2568
495
7955
236
6175
3149
990
2624
1549
2856
4061
1629
3957
7622
8738
2626
4313
1041
8221
8926
2205
9853
1987
290
6764
298
2689
7353
89
5819
8047
5175
6393
920
1848
6446
7551
5426
1864
8022
3143
6549
7127
2541
4151
5507
5750
957
7763
3582
1095
2206
4161
5637
5522
1996
3180
1059
7173
2922
1900
2101
9500
1286
422
1035
226
7471
8416
4656
6678
4885
4344
1117
9553
4512
9925
8699
8998
5795
8814
1336
4283
6690
8842
219
6024
5490
2328
6571
7326
2176
1040
2318
8169
6980
5849
2686
9577
4359
1052
9424
6798
1763
3224
535
8674
3723
5384
311
5643
9387
7842
5830
5856
1889
4834
1128
6332
5979
9542
9642
1841
7843
907
9374
8000
313
2232
2617
1254
7855
6953
8970
1000
523
7919
1981
2850
8824
3846
3038
1948
62
823
2865
9375
4243
1007
1009
3927
9218
4064
4584
8745
6187
4742
4063
3110
7115
1965
150
2096
5630
4065
9350
5469
5266
469
4133
4234
4318
7848
234
7122
6690
3797
4209
4959
9889
9915
401
928
8732
9661
7212
6012
6561
1609
6759
2261
2068
7502
5036
9968
6748
9546
44
1029
1714
4674
9944
7698
5477
9143
4833
2245
4226
1173
5902
8217
1890
3324
9423
6864
4131
8468
2080
3714
3548
8717
5728
8853
7627
6901
1298
3758
5506
9774
7347
5911
3362
5471
5566
4673
6198
5929
7660
3036
5395
7421
9952
1316
4702
2220
6082
1438
8335
8223
9706
7412
8660
2488
4352
3693
9561
6585
1697
609
7591
7572
8212
2987
2554
626
1422
7616
72
8392
4659
2623
3471
9846
7102
4681
781
1266
3507
691
2038
1189
7651
922
7570
4100
1136
4998
1413
4738
7729
4226
8387
4979
1944
5307
1107
7972
3905
7238
7619
7626
4126
4311
3341
1353
9602
9760
1208
9878
7178
3607
9250
3534
6675
4619
2877
5640
1399
5624
5575
6216
2394
6568
207
8789
2964
2253
5220
942
3680
8044
6288
2249
9477
3276
9365
4908
8434
6256
3991
3920
7695
3809
2826
8722
1809
7136
6877
1179
6655
3066
4984
403
7427
620
2289
1169
819
8921
6101
8566
7377
5562
454
1788
9247
6565
288
1849
6087
434
2368
8472
3546
2330
7863
3049
1287
5360
8795
4007
7998
2228
350
9515
534
7622
804
4575
4636
2280
1039
7174
364
3575
1421
3290
7093
6939
4325
806
6553
1277
5437
2294
2802
2073
8303
1179
3147
2740
4782
3859
8877
5423
1236
6904
6457
2605
8845
5143
6966
3937
7865
1461
2283
6892
189
1949
1791
3494
6844
1549
4255
2634
293
8898
4192
3351
8637
7840
5862
979
5150
9687
628
4067
4975
3218
5909
4393
9206
8225
9946
5678
7723
8954
8740
4112
1919
4940
4469
1037
9918
1140
6194
0
5424
5476
3260
6651
1126
592
2176
38
9907
9658
6939
5287
2217
4705
8337
7299
8838
5622
8064
1156
2302
15
6849
2092
1467
1423
4143
7944
1
2245
9803
9272
3479
1204
1742
4334
2420
2596
800
6437
8758
1158
2154
2548
4153
446
1927
6659
1621
8348
6464
8669
3833
7835
2456
1479
615
9774
2180
1072
1328
359
1248
3529
5105
1706
2654
631
3102
7074
7488
2183
5566
2482
4664
5025
8055
2351
9133
4368
3900
9404
2641
9457
628
1206
2914
1178
2541
6513
5070
3613
5904
6578
6506
5181
4039
9055
2435
8255
3676
5619
1190
3077
1124
4983
6286
999
8972
7933
5613
7811
642
2703
3677
1095
4311
6216
1542
3884
8420
8448
4419
1702
4587
9294
1984
9353
4783
73
9879
718
6887
7120
9595
8710
3151
2619
1188
6158
8031
2001
6829
5395
2047
2443
74
9640
1515
2857
3166
7782
5284
3299
9724
580
6008
803
5596
503
467
2497
8896
7243
1558
1599
4663
1395
9063
9639
8658
829
6904
3265
5910
2089
2476
8201
1921
4716
487
5649
6880
4848
5398
3539
4528
1198
7648
5161
9524
5807
1147
8816
5751
1695
1521
6378
9858
3
3204
1203
336
8285
7808
7735
3023
1117
448
7074
4426
6122
1716
4712
2213
3617
7953
2550
1337
8077
9225
7560
6385
4536
9341
5197
7363
2577
4993
4376
9075
4431
1311
7224
2981
5365
6270
1482
7074
8422
4179
9837
7916
3834
4537
8534
8501
5346
766
1237
6701
1449
9310
6024
8603
3147
1731
9791
238
5802
2429
1344
3252
8367
7119
8524
4010
7390
3898
8945
2933
4813
1582
6481
7841
9702
1598
131
5512
5082
9651
5881
7829
3417
7012
8642
1801
2960
1925
4432
3230
6386
7597
5868
2059
5450
220
681
4887
6015
7309
7398
2513
1049
1960
8984
1999
211
3323
888
53
1666
1818
5816
1513
3493
1989
9100
5877
2478
457
8471
8621
7824
3113
2131
3905
4184
5439
5717
500
5841
9197
6944
926
7219
9849
3001
6079
2027
681
555
2134
2193
1403
1292
5201
5830
2744
3919
3925
5069
7561
9404
2737
7180
9370
7149
5934
3026
1759
4874
8089
3339
5573
519
7556
6130
8410
6172
889
6454
6255
645
6033
2016
5004
9003
3157
1988
21
2452
6082
1286
396
9478
8098
4463
4535
8002
6793
9760
2324
5838
7245
2390
2986
6659
2218
7151
6034
2585
6821
3900
4869
9343
7535
279
7847
7631
5836
5398
6181
2417
8452
3777
7515
4623
8506
4321
8393
2906
6636
4889
2743
2747
5450
1514
1302
3964
74
7905
9737
2776
4922
3252
7428
6591
5624
2685
7619
5071
4975
2437
8591
8832
3107
677
9933
5518
6719
6041
2967
4605
8813
5478
5550
7256
2534
9406
928
6634
8410
9809
1767
2033
5826
9734
5379
703
3555
2123
1705
5667
8502
5817
7931
9544
1927
1147
8362
6524
6779
6320
1897
4211
949
9615
4676
9165
682
3867
2817
1701
9859
2535
2997
9324
819
5979
9018
8358
3322
9112
6112
2979
1161
6729
962
768
7223
5370
4906
1215
8916
9261
3831
5668
2172
3643
9278
258
8269
2872
6767
1798
4717
6778
2298
2833
8006
4795
882
764
5651
1357
4848
7015
5584
2701
4987
1554
2812
91
1366
2384
178
841
3498
5753
4809
4930
7142
7071
2185
9038
7588
2387
3087
7027
9935
7192
8915
861
2354
264
2775
3121
3313
9767
9522
5902
7854
1013
6782
2006
3701
2039
8271
1676
3401
4072
8230
4637
1283
1516
5508
5156
8936
3461
5507
3257
7562
9018
1889
9034
8130
3732
5662
2461
1068
9675
5849
4212
723
1089
3189
7138
3103
1405
7714
8093
7660
5834
7769
2180
6110
5793
904
355
6705
4453
6783
4773
4837
4141
5930
505
5146
1943
4016
152
136
1627
9787
4614
5299
4862
2057
2535
2157
2616
6450
2756
9868
9080
267
766
5725
5782
8923
2242
1177
6553
3228
830
40
2074
9620
4947
7491
201
9044
6299
6702
2495
1681
8733
2133
9940
3217
734
7606
5329
2008
8506
5232
4680
5764
9092
3931
6579
9701
4762
7640
6555
7122
2781
6681
1546
2200
1136
5956
4946
692
9262
9413
8367
9762
8368
1250
9531
6934
831
8658
5649
4268
55
9504
3572
4108
2413
3149
9728
6800
9267
1924
6849
2248
4698
6898
6035
2494
2487
8486
9914
7638
2888
2773
9012
1848
9960
9825
5211
7745
177
1450
3359
6534
2290
6213
7827
5578
4242
3805
5990
7826
7284
5943
2661
1128
4444
5291
9935
7213
9824
2495
1674
7299
3122
2054
3412
3641
1821
4506
8620
6151
7149
6277
2994
6157
7508
4966
4044
264
9115
7714
8107
3813
2214
4921
9278
5016
3675
618
2389
2655
4148
1482
7928
4130
5859
1153
5304
8734
7974
789
1462
6931
8379
3131
2772
6683
9877
8683
9961
5916
2591
852
2505
5375
2096
4624
3123
2209
9536
6873
685
8538
8331
556
909
253
6324
3661
9337
7535
6011
7483
3810
3596
7058
8933
2892
2934
8204
8061
3377
7327
4023
4428
7590
8249
683
8598
7918
8667
2963
1135
5166
8631
2652
1535
3986
362
2460
98
2142
1108
6469
1171
8566
5625
4634
7530
1
8695
4241
2643
4924
792
1018
1041
8220
8826
5295
9234
214
158
8684
1253
4322
2894
6496
7850
589
9586
8772
7913
6798
2869
60
1749
1468
6771
812
6930
9965
1798
6077
4213
834
8577
9440
219
5697
7548
3427
6701
2163
8417
6913
3698
5856
5335
7726
3477
1447
4557
788
1481
8371
1353
1063
5194
5546
9522
1856
4837
2327
5194
7512
6171
4635
8912
1715
3955
6079
8277
5519
7246
1517
1150
1661
4638
2224
617
543
2937
1193
3411
5059
2106
8372
217
2239
2489
506
9566
2285
1420
4151
5261
1449
9694
3759
9839
5753
5631
6333
7230
5580
7661
3324
331
726
9937
4026
1293
2091
9597
4522
5788
3625
788
7528
8237
5452
3466
7810
2398
2108
2702
3413
5189
969
6501
2934
9828
3258
5562
8179
5743
3330
2514
3769
2209
1860
9620
9382
1196
3081
6297
6193
4527
7856
2688
249
6541
9973
8502
4524
9484
3428
2708
2842
6059
1023
7161
6952
1624
2495
9289
9785
4736
360
5222
6330
7928
449
638
92
5884
8242
261
3800
9510
1837
2661
5694
1377
9714
8516
8847
8254
8302
6853
6076
1303
6740
16
1742
6706
8912
982
2999
8553
5671
6976
2856
3975
9058
6872
2709
4965
333
3722
6070
6583
6219
2492
9471
9648
8764
4972
739
7645
8114
249
8740
9472
2352
1188
7758
5292
52
1736
4421
8353
2902
5048
2491
40
4049
4664
1927
3169
595
4992
9027
7562
2672
5356
3636
5076
315
8182
4064
865
2503
9400
8442
7008
570
5645
9361
9100
4483
648
7099
3185
334
4487
2748
1777
1110
1753
7195
5878
2139
2925
1527
4073
8356
2429
2229
9267
3270
3467
9982
1553
6597
6043
6471
2701
4907
1665
8208
5819
3495
9900
3297
9985
6423
3652
1201
1883
5881
5568
9946
5294
2718
6923
8026
5403
6992
743
2971
8950
102
2226
5253
5927
2085
6073
6097
464
4586
2538
6017
177
7701
9678
1727
5273
4264
9751
6564
6254
561
471
9754
7039
7491
2465
5812
647
556
2563
8332
3204
1762
3636
6701
7865
4447
9546
1506
3793
3471
7632
5646
102
3208
1558
318
689
8826
9465
9308
5058
5606
4981
3717
785
6259
2808
7773
4870
4815
7080
1697
8999
2771
8488
9518
5520
4650
8983
7168
2376
68
2393
14
2257
2678
4043
3444
8528
2484
1089
1040
7198
8033
82
5377
2398
6230
7286
6861
9104
1026
2110
1203
5653
6129
2582
1728
1316
4687
8295
8469
9949
7519
7279
2104
347
8727
5333
234
5135
558
6231
3434
7547
7578
918
1960
1788
2019
5781
1628
1421
7004
3470
1432
375
1171
9494
1419
5341
342
3858
7240
903
6376
8826
3270
1277
8836
3324
729
3046
4706
1508
6529
5249
536
6794
5441
5061
7347
1485
3459
324
6054
8367
650
2725
4641
7185
9512
3026
5654
6209
7297
9215
4600
4112
7695
685
3205
7305
9719
4381
9526
9615
7661
952
6996
2246
4244
9599
8877
5364
3800
1359
807
937
7407
1847
6228
5854
8061
4701
8455
5578
4439
9517
4791
6299
9627
1251
3057
6259
5678
844
8722
6560
2534
5736
6997
3200
3241
8979
7914
7236
5236
1572
3848
5013
5633
3077
4724
1781
3651
3268
4834
6360
5380
8793
4188
6322
1682
1625
6177
6098
6293
7562
8943
6127
6916
7721
2676
5282
6520
6360
401
1925
7648
8444
9857
1354
4007
5798
6328
4559
1235
9296
4671
9872
1583
3610
4671
8430
3772
3653
300
2430
1235
2017
8709
949
2175
6530
1656
5507
7385
24
6923
3101
6515
6495
3465
4880
424
51
1881
1555
8595
3160
3333
7132
8192
3962
1066
181
4177
8993
8027
5024
3858
8503
3947
1433
9743
4988
2586
6124
5588
601
8240
4982
148
8980
1400
2976
1998
996
2399
6217
3581
8438
5517
8851
2335
9423
7298
2450
4009
2499
1909
576
9497
277
5225
1300
6652
191
5138
771
5633
9380
6983
9560
6925
5125
343
1649
3984
609
8001
2538
5176
2976
1406
4366
7589
4690
4706
3882
7212
531
1059
2708
2704
1874
521
4812
8302
5203
2775
5555
2936
4465
3192
7673
9125
8424
6302
4907
7462
7058
4519
589
4124
7824
9441
8243
6744
9579
2032
9207
7795
3723
5613
7510
8943
8488
2449
9547
4621
127
9986
737
2129
152
4317
5171
8019
8342
3541
8150
6120
5326
4122
5450
7840
1068
7390
6444
9041
6258
2660
3696
900
3138
1194
2461
1198
429
1033
6393
3906
2733
6746
7975
2596
2017
9675
3981
1553
8615
4578
939
1166
5519
1922
8281
5502
9532
2972
161
5704
318
151
3165
3432
9647
7219
1970
8901
5899
8170
9549
51
3363
6824
9692
7402
6291
8765
2112
2198
6178
8496
2529
7488
5627
4902
3555
189
474
8771
9208
4406
8632
4401
2279
1736
1787
9663
5675
2396
7144
1467
8223
4250
2794
7779
1400
6057
9863
5721
2579
794
5009
9861
7409
1958
8763
4687
6287
6741
3724
1789
3099
2033
4265
1017
709
8378
670
9991
9074
2315
2604
2101
3239
3293
6074
5428
3844
59
3669
9319
4478
1013
2282
4266
3153
665
7622
3076
4806
3902
2316
6655
1042
1923
7094
4712
1439
2600
7839
7922
127
203
4769
4192
430
2342
4219
3843
7463
118
2069
5744
7449
3823
9446
3862
2572
3375
2790
9278
751
481
5248
5188
6403
6626
426
3141
3534
937
9112
9737
9257
6818
2317
6499
4474
6620
5284
6423
8553
628
6239
5820
7213
4097
3917
6289
8167
1841
2737
8837
770
2580
1329
1297
5016
680
1612
3065
3833
2756
9039
9972
2744
2138
746
7959
5062
8646
7758
9288
4179
732
8010
7778
4497
1233
4615
2981
3836
4264
5520
3008
3127
2976
7030
8849
1337
2300
8659
1419
5256
3027
8142
4186
4868
2585
3438
3843
7959
4846
7170
9584
7260
485
1567
4490
8878
3000
4732
6391
3170
8058
4315
4919
1095
3437
1401
1034
2284
1685
4696
7012
1267
2317
3978
8963
1302
9337
6130
2368
2247
1707
2245
3780
5948
7465
8983
6238
7706
9999
7891
7234
3921
9857
186
5107
9561
9636
1152
6532
4475
2717
7971
1596
3107
1258
78
4680
4645
4480
9677
9158
4781
245
8754
8303
9787
159
1911
7939
4415
124
1989
7244
9074
5507
3781
8748
117
4539
36
3352
8685
1259
9084
3258
3631
3314
5937
7201
7193
4856
57
8940
1266
916
5664
1671
786
9039
9898
9156
2981
7945
9194
1949
235
7306
9171
8425
4276
9484
541
9454
7083
2391
987
5799
704
7549
5322
8949
8170
8216
1132
6618
2413
5936
6214
2356
2344
1025
4839
2391
7922
7020
2106
670
8711
3997
7245
8595
3021
3101
3891
2125
2604
409
55
2122
2733
5859
3506
7837
3729
7063
3583
4505
7782
353
9613
5391
326
2253
6517
3716
7072
4815
365
2679
2731
9076
4011
3890
3416
2392
46
1374
1272
521
6713
5308
9742
204
8961
5569
4182
3119
4282
9553
1941
3119
6573
9600
4755
843
7069
7684
1575
6088
9578
9343
2993
9719
6133
3581
5838
7188
7701
2072
4343
8223
2041
308
1227
6448
1663
7640
9535
9015
4149
585
8307
4946
9310
9294
5351
5827
3751
7951
349
1201
9626
4751
1584
9550
7091
4348
1206
152
7057
740
2
4388
5007
9483
3837
9448
8628
5034
9494
4903
4760
9370
8071
7683
3240
2577
3226
990
8939
2812
3932
6113
821
2318
7521
9713
1020
7512
3752
6782
2586
4298
592
174
8627
2600
923
7962
7303
2528
7922
1847
7274
6779
5737
3240
3586
5811
7493
6562
128
3508
7867
4080
3283
949
2283
6728
7178
6265
1020
5405
9192
6849
5385
422
2108
6836
221
815
9410
3154
5612
5663
6276
6629
1890
6362
8773
1914
351
1992
9936
382
5475
9494
3100
572
5974
171
1635
9510
8331
9949
8819
9058
8886
3653
1476
1239
4476
9664
5403
6503
282
5847
398
1840
2121
162
5961
9294
4768
3177
561
1187
4459
4043
2327
2138
3930
2226
3888
2488
9853
4406
6610
2612
8686
3137
3409
2264
9743
1763
4475
424
9350
3880
1696
5507
8102
2279
3814
7384
9569
5227
4860
1083
4763
7783
62
7623
5648
901
3016
614
4760
1136
7518
4687
3146
1364
4172
3776
8158
1666
7321
1021
4392
4920
9042
5367
7586
1488
2500
2175
1577
2472
809
5405
2411
8066
5831
2797
7551
4045
5989
3945
1078
2563
4159
4557
9248
1732
5148
1510
2402
596
3375
5420
9447
6112
4731
6563
564
9399
8154
2380
3472
1222
5968
3057
6740
612
8971
1681
2991
5328
4893
2713
1838
6712
6189
1444
6442
5163
5611
4147
162
6000
803
7312
7179
3817
644
8879
1412
7683
8418
6039
3167
5935
8552
4192
4861
6741
9249
2094
2249
3799
1401
6253
8920
8901
2000
1132
5567
3488
9951
9470
3510
2000
9278
5871
5484
841
3781
6741
3979
843
5202
3911
5501
8586
3594
2530
9966
2302
3475
4569
8068
6027
5073
6845
1981
5587
8720
430
9928
522
2146
2672
9527
11
7208
4066
6419
9210
3494
1979
6496
1753
851
6085
6706
7599
6782
1966
5792
7045
4423
8973
1816
9491
589
3106
9524
3291
4980
1633
6988
2067
4058
9121
5836
9817
1737
3120
6198
162
9791
1065
9435
6116
4748
5368
5479
7845
1692
3805
2154
5252
3607
6192
7326
6422
517
2132
9525
1363
2613
3599
1139
2066
2671
6056
6141
5730
4281
8050
3504
1387
2263
648
2116
4164
2247
1129
7442
6182
5948
6759
3876
9569
4041
2602
2589
2734
1472
7354
7113
7524
3259
8973
2006
4751
91
8126
7458
5966
9455
2127
1174
7020
5624
6480
1636
2801
202
3760
2382
3145
597
1411
1863
5478
245
1140
8061
6322
9031
2381
6887
1255
1758
357
2299
5266
3540
4618
1812
3269
3380
2416
1746
8717
5240
7256
1170
3459
4206
1908
2544
1254
9041
5753
330
1289
2709
7462
5591
1529
2818
2693
5063
1475
1685
2447
9964
739
9828
2229
5610
1519
6448
4236
9147
6277
528
3544
4439
402
1355
5245
6034
2246
9798
2418
6805
916
3423
9319
6722
1917
345
3944
2866
6095
890
2659
2641
1978
3649
5062
1965
1892
5019
6700
9770
4254
7096
554
2938
1799
4713
4468
4491
8767
973
4214
3825
5566
3117
7184
2694
7493
4244
9201
367
4165
5955
4967
2129
4544
7588
6326
1139
1165
1421
7176
6934
879
4599
3668
9779
2040
1616
4065
2643
3754
6862
5820
5541
7583
4021
5320
6139
249
2266
3398
2646
332
6665
1606
4388
7675
6580
2173
5638
1712
5021
4055
887
9136
6118
2910
3082
7726
5367
6779
451
1055
3040
9325
1113
6606
9872
9016
9386
5857
7285
6112
6400
1004
2612
8598
7842
2596
7915
6162
4046
8742
1157
2289
6037
2921
4318
177
1512
4450
775
6379
9266
967
1277
1456
3014
7877
4837
4584
7226
7509
1755
7094
7795
2029
3819
224
5076
4212
6767
8189
5489
4760
6667
6784
6489
3651
9749
308
5348
8938
1384
424
5672
8536
7387
9118
2562
5003
2894
6591
308
3774
1557
737
7386
1015
7352
9019
5601
2177
665
3863
2409
3404
4360
1769
3274
884
2547
7248
7110
7984
9474
9195
4878
2492
611
8318
3320
6120
6753
3397
46
3506
9386
8840
730
1170
3473
1311
8625
2597
2257
7896
558
8380
8547
2503
4353
8933
3506
5117
5399
3978
1597
5068
7323
6313
2541
5241
7693
7733
9559
4387
3714
6474
8596
2308
9469
4070
2255
9990
4749
2486
2079
7943
3462
8991
5046
2496
7380
1326
3001
2674
4894
9378
272
5906
2071
1625
7120
3479
5867
1944
7032
7201
3816
1663
9353
7756
3018
8587
8666
662
2572
6382
250
765
3499
1836
8407
3516
1405
8040
2063
6088
2515
5007
9525
7830
651
7570
646
1263
6873
8154
2556
6038
1478
2807
8018
906
9641
9194
250
2727
6550
8036
4780
530
820
7421
1919
6660
7940
2729
1309
3398
9566
1753
9346
3519
1518
6974
5605
8698
7519
4131
9322
587
3062
7324
2231
4883
9843
5961
7750
3842
3604
9343
8795
4349
6122
777
7606
5744
2655
9339
9243
2821
2360
6103
1232
1142
7288
1876
2998
6063
2390
476
3724
1560
1856
6308
8592
225
5743
1793
3415
991
7581
2489
7776
2902
8948
2536
1764
8375
3688
7188
3952
7213
4984
4611
8182
5426
5810
6300
2785
1047
7685
7851
3656
692
9770
8377
4981
4876
7237
6891
998
1109
9257
569
2323
2582
3850
1698
6657
3186
7799
3118
4182
4069
5911
9428
4702
9356
787
7950
1742
3209
4612
5290
5751
9047
3950
5826
5469
5883
302
5357
7449
460
9104
8663
923
4421
1461
9023
516
9832
4210
416
1027
8293
8620
5538
8494
1403
1155
3746
4532
9518
460
1887
913
4874
5700
7398
8177
471
3153
8593
6760
798
6219
8299
4418
1322
187
1943
1382
1762
9075
6050
7936
2198
4367
758
1536
2136
10
2592
8173
4350
292
2340
3245
8517
8786
6591
4649
8808
1158
830
1661
432
465
7453
5998
3598
54
5186
495
7911
5473
1740
9013
9968
6024
1270
1769
2075
7377
9840
2031
6720
788
1407
1125
5807
2834
580
6013
1860
9158
9131
8078
5933
4795
1621
6744
1736
6094
6312
5063
1008
3413
2885
5178
3194
1472
555
6948
3835
2975
4522
1667
285
5333
9450
1663
3601
5467
5757
8517
1846
8072
8930
1748
9355
7391
1675
88
2561
3882
8482
2102
2037
9830
6871
775
877
7438
461
9720
9985
3453
3190
1152
6108
7230
2428
708
2546
8470
7730
9064
4548
4900
5722
6071
2082
6135
6008
117
1377
5074
4918
9059
1309
1356
297
6963
9424
5659
7365
2540
9652
6849
3309
752
2661
6487
6365
76
1547
7786
8555
8608
8695
1651
7835
4255
987
7531
2226
4969
2591
4638
7214
4887
1857
3247
676
2791
7116
1181
1545
6602
221
6437
4325
3081
290
4728
117
1391
531
6287
9504
1523
422
1947
6429
8244
9502
546
8851
8970
2483
5319
4256
5579
4968
1528
3038
2427
9641
670
3347
6296
8403
6881
2135
3109
9513
4122
908
6708
452
2077
3833
4538
4970
1655
1032
413
3778
1076
9153
497
279
5940
6070
7556
4027
8078
6096
5159
7326
7494
3177
5822
863
2539
4620
922
5490
7380
6026
9588
8819
9117
1247
6732
522
8252
1236
5716
6528
1945
2853
1350
2608
3101
7206
1517
5137
7242
7778
5395
3443
9403
7045
9814
8057
4701
6107
4496
790
527
2823
7864
3098
9366
5128
5075
4367
1460
9465
6767
4255
5674
6120
5681
9673
2251
6122
6893
8195
290
2461
9894
7602
1927
9325
9943
7000
1583
4603
4161
7085
130
9787
5333
2849
640
3613
1653
3968
9846
8207
5991
6184
3405
9873
7226
2919
3845
3033
1851
1353
2656
2039
7769
9584
3905
6155
8312
7428
1095
5638
2595
8990
3301
2703
4534
351
8756
1287
5371
6966
2522
3854
1779
8098
4285
5943
376
133
7187
2058
6064
6554
9468
1018
1556
6584
4722
342
9602
8406
2543
5651
7600
5762
8768
2953
9506
1677
921
9180
1325
4569
1913
4559
5725
4038
6079
8148
4644
9273
6589
1847
7940
3998
2780
6956
607
432
7073
9222
3389
4486
462
3065
398
1296
4732
4754
5792
9458
1271
310
1427
9232
986
9608
9227
1836
9021
6751
6358
171
5212
4951
7391
446
1578
1095
2162
7600
6966
8499
4593
1244
5245
2754
3494
6897
1008
7923
2137
3511
6407
1371
5477
4212
6022
1123
9654
347
270
6768
5270
2837
3991
5682
296
5378
4542
5585
8580
1969
8186
1173
3029
8046
5283
4341
2815
8508
7956
2338
4325
1284
1552
1045
5626
1244
3843
8518
342
6683
1147
4127
715
1916
9943
9488
4041
4834
1742
5636
1807
4827
595
1380
8322
2519
3128
5594
9411
6714
945
6249
6876
7408
4394
9995
1915
1169
4587
9579
1667
6214
9899
3972
2687
9466
7859
1881
7512
5876
5716
1831
7209
9333
7372
552
6065
3309
5492
9033
1144
9507
6958
2430
7510
5844
9550
7029
6736
9466
1701
7688
4437
3633
7238
6199
5224
6647
8611
3973
5566
3827
3159
6738
6971
6055
9466
5721
3352
2856
8784
6394
2071
5054
7987
7563
8218
6039
1330
1243
369
4560
9178
6295
6499
9127
5268
4384
8559
7563
847
9709
7331
7797
464
7677
3933
5739
3911
9519
479
1858
6339
3094
7528
7859
4873
5623
5265
4002
5441
7109
9910
6747
4321
1679
4438
3902
5790
8551
2508
957
2064
5863
7903
2386
8182
2880
518
8230
8282
7411
320
2032
5654
9299
1811
8139
6230
3418
5347
1228
7280
2155
5878
962
4978
2952
806
190
299
709
6471
213
1997
4812
3881
1523
6561
2563
7039
3555
3467
2155
641
8893
9455
8858
496
7982
3989
6123
9432
3006
1945
9285
1147
6782
2310
361
2427
4016
1684
9312
3271
8892
4766
6229
602
1856
2777
6158
8929
9144
899
416
6252
6206
9096
2067
5350
1348
619
8980
2760
5647
8691
8923
8171
6726
788
3148
9325
6892
2527
4801
8085
6890
6732
920
2138
6592
8167
4009
1202
4301
2553
619
6231
5998
5625
6743
4958
5139
4674
7292
8235
6488
3703
5173
63
2419
2660
9992
1331
6889
7878
1297
8442
7046
334
6991
6833
9964
6530
6748
2298
5739
9253
5090
91
6851
9785
1612
5792
8134
2481
267
1336
3889
2859
4123
5054
2892
1790
1334
8710
336
1409
4902
6988
2377
1324
912
6231
8924
5827
5919
7475
7578
6832
6223
4383
8373
6479
1852
9444
3747
3681
6106
744
1697
6201
2774
962
4586
1515
8748
3230
4584
6486
8170
1491
9466
5999
1989
6148
2518
944
2283
9876
5809
7201
3705
8861
2893
310
158
9858
8338
1224
2447
6643
5857
6233
8412
6257
1348
4018
1107
931
8010
1711
100
2073
610
1198
6821
1135
5285
931
5814
7764
9369
2816
1127
7547
4835
35
137
6097
7373
4144
3155
5185
2264
6849
6470
6228
1667
331
115
3821
13
8771
7211
2276
5512
2609
3143
1713
2783
68
2938
1756
3529
2214
3843
5970
1342
4112
4615
2347
3721
6481
1534
6793
3375
8875
4365
6819
5903
8191
1380
2643
1018
7355
1401
9693
213
8161
5989
8210
1597
4025
4829
356
2042
6169
3876
90
583
693
8399
3446
4897
5586
5417
629
2669
8367
8728
9094
4591
2485
2271
2415
2473
1310
4853
2572
929
4629
1526
8618
9334
5404
6345
4419
2228
9844
5010
8443
53
6552
2745
8282
1354
4891
8234
1819
4651
7235
5406
6469
2908
342
8522
1351
4081
1412
663
1513
6819
2101
450
7968
1859
9269
6020
2691
4350
3404
2165
9996
2737
6467
2589
6401
9887
1140
3483
9764
9313
2625
3929
4711
3437
7736
1471
4708
4875
5366
1143
2236
3379
8441
1825
7262
4363
9306
2680
730
544
331
325
5223
4338
1069
3155
2466
230
3318
5794
2600
3206
8608
1344
3013
6171
8421
6980
942
3838
7802
7821
8348
9051
4826
315
9002
4759
1669
524
289
5891
7416
4538
3330
8193
8991
7811
724
1223
4792
4329
9966
6675
3417
2842
4615
205
9461
7587
12
9283
283
6977
274
8608
5743
5112
7197
4750
2205
4040
7168
4575
1996
988
566
4822
7487
9141
1616
187
3938
9383
1936
15
2211
8369
3413
4812
8462
7587
6152
5009
4062
267
4630
5309
8993
2081
1823
7065
923
8628
591
8187
7485
5924
843
1304
9047
1713
6862
2474
2444
1315
1156
5618
7078
1548
5655
9440
9114
2412
4024
1377
4557
2403
9312
8744
150
8844
1591
5456
1990
1672
6598
5728
5077
5656
648
8512
2015
2079
8838
7451
8079
551
707
1366
2571
3523
8244
9872
5648
7557
869
1466
6879
6242
8408
1449
3640
1394
5023
1930
9270
1468
1884
837
9276
2097
4135
37
5502
2168
5039
8055
3618
5882
7941
8929
4632
3582
2134
7605
5609
8584
8823
4917
300
3854
5589
2297
1663
8556
5533
5056
9091
9368
2730
1795
7896
5528
2494
8800
7244
6962
851
4629
686
8932
6177
5467
8904
5765
1699
6006
1548
2188
2597
5162
3789
2064
9649
8640
6961
1984
6346
1657
6406
2100
8840
9826
9299
3523
8422
3208
1905
2358
5704
462
8682
1389
3009
4701
5184
7793
900
316
401
5129
7337
8352
473
8609
1730
1397
5592
1704
9422
4046
8630
8376
1198
2489
5157
9260
5047
2694
6614
701
5223
714
318
3309
1995
8607
8506
2136
4352
8718
1344
4231
2457
9968
8712
5975
865
7201
2460
2266
2689
3862
7340
6125
9748
7520
452
5977
2536
3250
9890
9085
4616
2416
4386
7580
968
2952
2525
2179
6257
8501
9634
4686
8878
977
2723
3100
3974
4555
4707
6592
2810
8234
6574
5257
5713
65
7946
8052
2563
6355
9949
8288
1443
2776
7455
1618
960
8993
7825
6059
5933
2664
3838
1751
720
6140
1953
2599
4792
6604
5559
3201
3491
849
8998
9365
9278
2673
2015
4388
7230
7281
4704
1069
3919
6411
6636
2280
4507
4545
223
8358
7821
7776
301
3512
1911
5704
10
1839
7712
3899
4319
676
1634
8116
2508
1258
1907
7003
6505
5024
8450
6790
3458
6635
9845
9809
7890
2644
8417
2913
9694
110
1481
3349
1445
6426
1274
2014
199
7406
6711
4401
8068
3203
5648
5771
6390
2958
5720
7653
6882
66
1335
4967
747
644
4909
9633
2183
2463
5465
6728
4838
4329
1593
9070
3008
7014
2978
4598
7215
4027
6419
7942
7197
5029
5445
5037
2398
5707
725
1095
6385
9681
5269
4623
2499
7967
7151
4420
9333
6018
9932
1343
2256
481
7957
964
8502
4626
8856
2311
8218
9486
1052
4529
2642
6002
6904
8163
6444
4424
6513
8442
4335
2405
2835
7892
8803
8228
9731
114
4164
8723
2066
3134
2707
1709
5492
5230
4749
4216
545
7802
7296
6943
5484
8811
1420
1570
7411
1188
1366
1548
7798
982
7827
2374
3659
2398
4978
1963
3696
65
346
3292
3619
7804
3879
1444
8703
8245
4655
798
7352
6438
2698
7078
1401
75
8321
7245
5852
1177
6934
433
7178
7410
7269
8252
3331
4022
505
8924
9680
2268
9329
803
615
1009
4852
1264
2750
5488
8900
7758
1156
7380
5135
4251
1149
5018
4219
1371
9852
682
2611
3646
9606
5526
9149
9840
6180
7972
6255
847
3433
9353
5873
9634
2277
503
2707
1960
5145
9848
4242
5775
4268
3579
6712
4806
9422
4975
7762
661
3003
1582
2022
5739
5154
540
4964
7000
8038
4943
1100
3148
4132
4129
816
6528
2102
3987
3148
1844
1288
4389
2451
3896
3273
6244
6459
5999
6037
8691
6445
1889
3168
1245
8486
7712
6245
601
5057
5197
3472
3887
2536
8764
2233
1275
8
1061
6786
8496
1573
1836
626
6814
9678
1235
3491
374
8643
5375
5929
9549
2772
1896
9717
8064
9483
7013
5960
2968
316
9959
8556
318
7756
8773
4383
112
5376
2873
65
6548
3080
8680
4337
3932
8780
8039
8978
6458
6149
5852
9156
5574
5327
1427
2448
1455
4957
306
6964
2303
2174
2415
5328
770
3647
6240
4048
2903
2161
2740
4411
7223
6924
7264
2107
8262
9764
3548
2526
1544
1563
639
8124
7734
6007
216
970
4625
3477
9007
9807
678
2606
2059
101
7267
8489
3446
2578
1017
8914
3198
8263
2322
2057
8924
7049
1429
4878
6442
8430
935
7164
3857
362
3332
4483
1905
8091
9039
1610
5444
1857
4806
2436
149
7923
8394
3027
1885
9214
5997
9195
687
1567
5741
8824
2517
4626
5232
2450
7161
9724
8192
9392
1608
1286
2617
6507
2964
8123
7184
4549
1162
9444
6039
4729
9076
7041
8222
4932
2271
12
1260
8180
1711
3001
1327
32
7809
8192
3344
1353
4513
3710
6202
1616
3678
8664
7708
8376
9931
9649
2573
7180
6919
175
3136
4164
6831
5513
7384
3268
8994
1683
7630
3286
5606
5518
2256
8186
6553
681
2380
3770
138
8124
574
9667
4601
2615
8134
9697
2173
1687
2510
4089
5461
2313
2266
5965
1472
4593
4768
5100
1200
8829
6106
3544
1772
2501
4426
7180
9718
150
2525
5198
1277
512
707
769
2595
3917
8063
7854
7425
3059
2554
4020
3210
9243
7004
365
1118
7042
285
579
8944
96
6793
5763
745
7144
291
7840
9182
2543
2443
1675
2464
8849
7026
9074
7859
2928
1838
1847
721
3022
9289
2643
1344
9469
7263
6443
5025
4356
2104
625
7034
4789
2738
7293
358
5837
6099
6222
7115
1692
2669
9787
6604
8150
979
1199
7041
7897
8443
2917
2692
7872
7557
5328
9181
1078
1434
6591
6977
9535
4952
7550
6725
2868
6094
8800
1273
6477
3587
4236
3827
2709
5612
2198
9434
9400
5037
5151
6005
6656
5967
8383
2338
9872
8755
1602
795
48
7014
977
4662
4315
9046
5059
5723
8341
9188
7028
5292
8464
2746
1796
7152
2433
6623
2114
9520
5087
2697
1403
7063
7692
5442
1646
5955
24
2542
3458
5009
241
6139
314
7528
6399
1162
4856
6483
3103
8989
6495
8741
9934
5666
4669
3065
1753
7391
3289
1032
3667
8478
4586
1743
1847
2539
1113
2671
830
2363
1511
6022
7874
1120
6929
8927
532
3563
7267
2373
2476
7105
5035
6318
2223
1616
9392
2294
3909
8083
5555
5433
7867
7925
6260
3557
5079
339
1272
2750
6299
1621
4377
2788
1515
6142
2623
9507
7426
5073
5086
8746
290
8087
3791
2782
9242
1966
8356
7551
8333
2436
6518
5322
6385
2069
7681
2465
8469
3793
9923
8217
6407
1346
9297
9010
7620
5564
3578
5516
6529
7237
5264
7400
2106
55
4452
1260
5337
3572
3649
2460
1273
7130
7100
3365
2187
4039
1498
9339
2681
5262
5411
7766
2633
2522
438
3768
2229
8387
988
6034
6024
927
4449
2120
1995
9611
9249
4946
3586
4314
9823
9861
1328
6252
1532
2289
1442
9682
2822
8107
9034
7282
6623
1854
7963
4391
7200
3662
4805
8250
9357
206
8369
2502
6218
3138
5759
9688
9262
9863
4109
5862
2823
7346
4988
2995
7359
3190
126
8640
6462
8074
3970
8724
8527
4842
8579
1054
7607
1740
1629
3434
3732
1078
1986
2115
5538
9903
7708
6169
580
7635
228
8147
8288
3419
9395
3494
9900
7228
9110
6038
5848
3294
3511
6940
6636
2848
474
1033
2148
266
4101
2395
8009
692
6804
942
2609
5541
8348
6804
5369
2718
6766
2119
6019
1336
5742
5758
3323
3931
4612
9102
9646
4273
4338
2851
4237
5898
72
4944
8238
721
7045
5460
1092
7758
8719
1181
1792
702
4997
3985
6344
2400
50
2522
1047
801
5876
5202
9572
123
510
5008
680
3497
2715
3089
3466
1310
8069
1659
4685
5495
9333
365
5198
5518
7899
523
1606
4176
5631
281
9526
6801
2377
2358
4260
5199
6767
1883
1136
996
7725
7491
3164
9904
26
6158
7004
2006
3896
8305
5530
4501
492
2256
8621
5579
3247
5982
3035
2277
580
5668
1485
8873
315
2880
4546
2664
7733
496
3814
1806
377
1312
2084
3340
8311
2432
8074
6505
8491
5802
8972
1332
9635
914
7436
9612
2404
63
1224
4995
5291
6457
2100
9937
9168
1907
9418
7781
3215
8682
2255
642
2394
9487
5512
6711
3657
8002
444
622
5988
6095
4604
1562
9298
766
3792
4891
4514
6293
8244
1540
331
4672
7331
1375
207
8276
8851
1583
5541
3185
3345
3958
8135
8823
6750
8296
1113
8058
3963
1311
332
9384
16
7217
8833
3641
387
1519
1921
4761
3095
7567
5853
4211
8147
1868
8978
3550
9749
7084
3855
5388
2822
5507
698
4384
6032
3895
4239
2432
1790
51
8666
6892
8658
3999
2712
8782
460
2432
6777
8274
4474
3484
2665
6376
8827
6769
4223
1383
409
982
725
2388
6966
178
2985
2259
7749
220
5555
8365
9325
9458
4104
6404
1977
7902
6062
7299
564
3398
1666
3433
5236
611
6694
4343
2499
5956
1727
919
4358
4724
1070
2080
2599
7385
1101
2328
3222
8735
1628
6041
9120
4980
2332
1191
46
293
3597
480
562
8553
3443
3397
7933
2252
3454
4233
7300
2143
6010
9559
6516
3438
9395
6377
7091
4914
4349
5494
3466
4584
2452
9211
432
9361
1168
5550
8168
7291
5147
4255
3630
9329
469
6815
2045
8159
9111
1269
7445
3641
4791
8495
1499
1467
860
5222
6658
6147
7379
8150
6425
4895
4833
108
9668
3713
6538
7568
7503
4234
5665
9189
720
2758
9840
591
1213
2836
9418
852
7694
4361
2832
9942
3620
9605
209
9808
5290
1766
9733
3247
6971
3244
6236
4531
5477
4749
9266
3590
7212
5673
7991
493
6097
1472
1852
956
1540
1699
8015
3022
6120
8281
859
7141
8582
3395
5610
4895
7525
818
7997
4762
6905
2423
6477
3993
9817
6475
9986
3752
7846
9840
1780
6316
104
8168
1073
6863
522
2148
894
2458
1338
4976
1105
7123
1786
2061
2046
954
3978
5183
7489
2159
2186
1672
7724
4646
7962
1268
9761
6445
2421
6951
2881
1149
3629
8372
9110
3823
8120
800
9167
4017
5276
6854
1770
9641
8327
4043
9623
7562
5810
6805
2265
8693
4006
4984
32
1745
1264
8801
6694
1086
2577
3670
1191
2422
5337
8749
5236
5605
5685
7949
1833
1658
406
9155
8094
3775
7461
6997
3563
4470
4724
3228
7887
1412
9414
7261
1347
3491
6081
2648
7626
8114
2419
5878
7260
2207
2739
7724
2995
4232
7034
5877
245
2286
5281
9951
2980
4092
5372
5028
9747
3303
8504
7596
5882
5621
3457
2625
3659
9955
4855
8147
8133
1762
5746
1437
3992
1681
1123
7624
203
1057
141
8846
5339
4677
8996
2914
4677
1720
7941
1454
8102
8628
2710
5885
2049
416
2575
9946
5153
1385
6106
4536
9759
4517
518
1892
9413
500
9090
5304
5108
152
2680
4802
4243
5014
8424
4548
6329
508
5207
8812
4750
1350
8983
1367
925
7612
137
9010
3596
9903
3360
5585
8319
2660
1624
8003
3898
7423
5783
1526
5765
2148
6483
8135
8133
1353
9284
4189
888
3632
9674
1623
2625
2548
9506
1218
246
1122
9206
4351
9110
5035
3459
3429
8366
7958
879
9747
1246
315
6426
8809
664
397
3076
7991
8840
7464
5072
4005
4506
9755
2471
2549
9784
6247
4240
4374
7555
4810
9774
4187
9701
3717
2090
3035
3189
5972
7027
3546
9306
8287
6788
3576
5331
348
917
4425
550
680
5364
8997
375
1334
2725
4544
4939
39
4759
3676
3598
4635
5994
8717
5730
4758
9950
2205
7578
6054
8509
578
3814
1252
3180
6781
1263
169
2621
5012
2565
6819
4745
9763
2118
9081
5420
1470
3618
9995
4882
9258
621
2045
1713
1821
8213
9910
1046
1570
2293
5811
7924
5697
1161
7601
7994
511
1459
4588
3269
1010
9310
5265
9414
2504
400
267
773
9177
2005
2988
38
6857
2377
3977
475
2131
7750
7260
5466
7362
2368
1108
7568
209
1789
2063
8630
1382
4889
3819
9332
7354
7560
8346
7811
7949
1853
2116
3159
9959
5867
9905
669
5042
5818
6695
7216
9190
7293
7840
1074
8645
1569
4368
6666
7401
2328
9542
1337
2682
4791
1873
9746
3732
4749
5797
2761
728
7381
6717
6650
2562
1629
9667
3294
7980
4936
4718
9337
65
7681
7324
1815
4547
9634
6272
1369
7009
3459
2349
138
6691
3142
1012
4839
9048
5123
1994
3791
2771
8320
8878
6711
481
8067
2441
2209
7134
9691
3591
5629
2729
7643
8789
9408
2565
569
8524
1989
7985
2054
1901
7906
9593
7886
60
172
5886
819
418
349
1605
5813
1662
1269
892
3541
1964
558
2338
1546
7113
117
9911
5491
7190
1654
257
4350
1083
8535
8496
6265
8093
2520
2101
8471
6099
9928
8815
4629
261
5820
4821
4205
4694
7948
187
9835
452
6494
9023
702
2877
5448
2483
7425
4885
6896
8016
2459
469
709
5928
7668
4390
5172
1597
8617
4462
756
8849
3393
2586
739
1149
9344
1389
228
3974
5548
920
7017
9917
6095
2267
6734
1605
1997
1642
4022
4602
5110
8691
2378
1344
2958
4431
5902
1690
8011
4280
3462
6221
7375
330
650
1076
1350
5116
2358
4309
2706
7633
6901
6115
5397
9386
6015
2118
110
1870
8000
6072
6793
1549
1563
561
1184
2033
6991
5429
2310
5702
1320
380
6422
2140
4409
1762
775
8571
4441
5232
4611
8422
4236
1547
3320
4898
2260
2540
6094
7385
4343
6848
5194
5866
1522
5841
3746
7348
9566
7620
1442
7139
8994
7220
8271
3001
4185
4895
2442
5473
4582
7231
6296
4064
421
204
2239
3260
5828
6144
1091
4642
9106
1420
9506
9491
6902
361
2700
9007
2531
4209
9607
789
8074
1854
242
8072
9921
7763
8217
7798
6739
7243
1304
2742
7401
1678
7107
1648
5079
5419
1366
7506
1657
9874
424
1295
2047
353
6918
1978
6407
8434
8669
7108
5386
1379
3079
9923
410
486
4858
8547
107
4186
9373
1745
430
8394
541
3797
9766
6532
3839
1712
1909
5132
150
5639
2694
7426
5927
8639
1185
4673
7531
3113
3610
6570
4342
223
9450
1553
1702
1744
803
661
9821
5768
2542
8374
4962
4468
1032
4866
5013
3173
8620
2945
1314
6211
9810
5170
4376
8771
5705
1829
9371
8540
656
4650
6710
9126
2460
1210
1285
5204
3573
6789
7089
2452
1153
2475
5997
6677
8021
5023
6513
5208
2793
1897
1893
4954
8523
1930
6497
2337
2119
7174
5027
9684
1366
365
3520
352
7093
6378
4878
2232
3928
832
737
1309
382
1617
773
7231
1269
3586
2316
242
4273
6171
1991
2068
8122
6963
7178
5630
356
3580
5148
3866
1972
9370
460
7796
9855
1273
794
2692
3236
3040
8213
954
5965
5089
7921
1194
8241
819
9820
875
6222
17
4288
8779
358
1508
891
661
6423
1214
9117
6661
3936
6537
34
2763
5025
2944
7778
1935
5330
8411
1013
5716
4182
2241
2042
7423
6097
8969
3241
7114
6807
6050
4664
2868
1143
484
9995
8540
9641
1382
6752
4670
7348
8722
938
1196
5731
4037
8844
1873
968
7323
2360
1794
1858
5259
2008
3030
6155
3966
1917
3608
277
6950
3270
4842
550
6333
9204
555
4337
9915
443
1052
4759
6461
1451
6448
7342
7266
1280
2675
2305
3207
1223
2797
1896
4693
2659
6150
9433
3721
3070
9644
9727
997
3459
1762
3882
2406
8348
9868
6455
1014
3015
8920
5650
2274
4975
6511
6841
3710
40
2765
2258
4871
8298
4204
2208
5625
7570
8712
1106
2595
6278
9151
7725
3768
8391
1719
7835
1271
7916
9812
6947
7245
1564
3482
3659
5129
7260
6784
6220
1744
2650
7126
4069
1411
5561
1672
2322
7038
7359
899
1583
9698
9003
9000
1223
1973
8890
1055
3266
7480
2444
5598
78
2937
1922
2665
7660
5978
1947
1772
6319
882
9840
6231
8977
67
8412
8265
6775
5212
304
3920
4358
2287
8294
2400
6646
2389
2820
9906
9029
2033
9891
2607
6191
3554
8657
3726
2381
2221
5028
4458
2987
699
8304
7111
5151
2831
4602
6150
647
9258
30
2775
3697
5138
9086
8270
7569
4624
6780
3898
9839
2378
7803
8098
